Q-1		495-634 B	5030 2753	7182 6055	495	110	0	133	212	40	634	120	0	270	184	60
Q-2		192-160 R	28 8379		5308 4924	192	50	0	22	120	0	160	50	0	0	60	50
Q-3		162-619 B	7423 7266	8644 3113	162	50	0	22	40	50	619	110	0	267	242	0
Q-4		250-131 R	6996 6029	4531 8509	250	50	0	110	90	0	131	0	0	71	60	0
Q-5		250-20 R	7120 4318	3477 9244	250	40	0	0	10	200	20	20	0	0	0	0
Q-6		162-394 B	207 6347	8462 5169	162	20	0	0	142	0	394	70	0	264	60	0
Q-7		492-371 R	5421 5916	4029 3774	492	50	0	180	262	0	371	20	0	261	80	10
Q-8		522-338 R	7953 4137	365 5378	522	160	0	192	170	0	338	50	0	218	70	0
Q-9		40-651 B	6719 8391	121 8221	40	20	0	0	10	10	651	20	0	319	262	50
Q-10	352-80 R	28 4318		5030 8509	352	20	0	90	242	0	80	20	0	0	10	50
Q-11	667-163 R	8644 2753	207 9244	667	70	0	375	222	0	163	70	0	33	60	0
Q-12	299-178 R	7266 6055	8379 7120	299	70	0	123	106	0	178	100	0	0	78	0
Q-13	350-450 B	4531 8462	3113 3477	350	40	0	240	30	40	450	20	0	192	238	0
Q-14	587-501 R	8221 6347	365 5421	587	50	0	275	262	0	501	80	0	215	206	0
Q-15	448-341 R	4137 6719	4029 8391	448	110	0	36	30	272	341	50	0	261	20	10
Q-16	316-480 B	3774 6996	4924 7953	316	0	0	114	182	20	480	80	0	88	242	70
Q-17	147-604 B	121 5169	5378 7182	147	20	0	27	100	0	604	90	0	308	186	20
Q-18	170-500 B	5308 7423	6029 5916	170	20	0	0	100	50	500	20	0	108	272	100
Q-19	405-430 B	3113 7120	28 6347		405	20	0	165	220	0	430	50	0	204	176	0
Q-20	616-607 R	8221 4029	7266 2753	616	120	0	214	272	10	607	140	0	285	182	0
Q-21	328-372 B	3774 4137	8379 8462	328	80	0	66	172	10	372	100	0	90	172	10
Q-22	512-404 R	9244 6055	8509 5169	512	50	0	200	262	0	404	80	0	116	158	50
Q-23	268-533 B	6719 5421	7953 8644	268	0	0	32	216	20	533	110	0	255	168	0
Q-24	244-463 B	5378 6996	5916 4318	244	20	0	184	40	0	463	50	0	201	212	0
Q-25	251-228 R	6029 4924	207 121		251	50	0	51	150	0	228	20	0	0	198	10
Q-26	188-440 B	8391 4531	5308 7182	188	50	0	54	74	10	440	20	0	144	226	50
Q-27	562-316 R	3477 365	5030 7423	562	80	0	240	242	0	316	110	0	116	90	0
Q-28	50-475 B	3774 6719	3113 2753	50	0	0	10	40	0	475	50	0	275	100	50
Q-29	490-568 B	8644 6055	6996 28		490	80	0	260	140	10	568	80	0	330	98	60
Q-30	503-391 R	8221 4137	5916 5169	503	50	0	299	94	60	391	20	0	129	232	10
Q-31	421-316 R	5421 7182	8379 207	421	50	0	177	134	60	316	110	0	0	196	10
Q-32	202-270 B	121 4531	7266 4318	202	20	0	72	70	40	270	20	0	0	150	100
Q-33	363-229 R	365 8509	5308 8462	363	80	0	203	80	0	229	20	0	129	80	0
Q-34	207-245 B	7423 5378	7120 4924	207	50	0	137	20	0	245	50	0	75	70	50
Q-35	579-110 R	3477 4029	6347 6029	579	80	0	261	178	60	110	20	0	0	90	0
Q-36	321-220 R	7953 5030	9244 8391	321	110	0	101	60	50	220	70	0	30	70	50
Q-37	245-244 R	121 3113	6055 4137	245	20	0	105	70	50	244	110	0	64	10	60
Q-38	190-290 B	8221 207	3774 28		190	60	0	0	120	10	290	50	0	156	84	0
Q-39	174-477 B	2753 4531	5421 4924	174	80	0	24	60	10	477	110	0	75	192	100
Q-40	530-456 R	4318 365	7182 6719	530	80	0	248	192	10	456	110	0	134	152	60
Q-41	106-382 B	8391 5378	6347 8379	106	50	0	36	10	10	382	110	0	144	118	10
Q-42	140-480 B	7120 5308	4029 7953	140	20	0	0	70	50	480	20	0	282	178	0
Q-43	150-486 B	9244 7423	6996 8462	150	50	0	0	100	0	486	50	0	160	166	110
Q-44	403-160 R	8644 5916	3477 8509	403	80	0	293	20	10	160	20	0	0	90	50
Q-45	426-290 R	5169 7266	5030 6029	426	80	0	136	210	0	290	20	0	0	120	150
Q-46	140-643 B	8391 207	4531 6055	140	40	0	0	100	0	643	50	0	32	150	411
Q-47	422-470 B	5308 2753	6347 4137	422	100	0	252	70	0	470	110	0	148	212	0
Q-48	220-320 B	4924 9244	3113 365	220	20	0	90	90	20	320	20	0	226	74	0
Q-49	372-162 R	8509 5916	6719 8379	372	50	0	110	162	50	162	50	0	12	90	10
Q-50	140-765 B	7120 6029	8644 7182	140	20	0	0	120	0	765	170	0	375	170	50
Q-51	389-629 B	5030 4029	8221 6996	389	40	0	249	100	0	629	20	0	339	190	80
Q-52	215-294 B	5421 7266	5378 8462	215	70	0	95	40	10	294	20	0	122	152	0
Q-53	384-324 R	5169 4318	7423 3774	384	0	0	162	212	10	324	20	0	18	236	50
Q-54	346-502 B	7953 3477	28 121		346	110	0	0	186	50	502	80	0	272	100	50
Q-55	427-396 R	2753 8391	5916 7120	427	80	0	213	84	50	396	20	0	204	172	0
Q-56	110-322 B	5308 5030	6719 207	110	20	0	20	70	0	322	60	0	30	222	10
Q-57	633-102 R	9244 8221	5378 4531	633	50	0	333	200	50	102	20	0	52	20	10
Q-58	306-399 B	8462 4029	6055 4318	306	20	0	186	50	50	399	110	0	195	94	0
Q-59	356-517 B	8379 6029	7953 3113	356	140	0	18	198	0	517	80	0	189	248	0
Q-60	551-520 R	28 7182		4137 7423	551	100	0	231	110	110	520	140	0	242	58	80
Q-61	434-534 B	3477 5169	6996 5421	434	20	0	132	232	50	534	70	0	308	156	0
Q-62	334-693 B	121 365		3774 8644	334	80	0	44	110	100	693	110	0	261	272	50
Q-63	211-178 R	8509 6347	4924 7266	211	80	0	33	48	50	178	50	0	48	60	20
Q-64	373-728 B	3113 5308	4318 8221	373	20	0	171	182	0	728	100	0	356	262	10
Q-65	551-666 B	7953 8462	2753 5916	551	140	0	159	252	0	666	80	0	344	242	0
Q-66	184-364 B	207 6996	7120 4137	184	80	0	14	40	50	364	80	0	108	126	50
Q-67	310-300 R	5378 6055	6029 6719	310	50	0	114	146	0	300	50	0	20	130	100
Q-68	438-473 B	8644 8379	4029 4531	438	40	0	186	162	50	473	20	0	243	160	50
Q-69	373-412 B	121 7423	5421 8509	373	20	0	69	234	50	412	110	0	50	202	50
Q-70	372-110 R	3774 6347	9244 5030	372	50	0	110	212	0	110	70	0	30	10	0
Q-71	516-210 R	365 28		5169 8391	516	20	0	246	200	50	210	20	0	150	40	0
Q-72	462-164 R	4924 7182	3477 7266	462	110	0	186	166	0	164	70	0	24	70	0
Q-73	286-396 B	3113 5378	4029 207	286	20	0	46	220	0	396	20	0	240	116	20
Q-74	255-351 B	4318 5421	4137 6029	255	40	0	149	66	0	351	80	0	51	220	0
Q-75	223-60 R	6347 4531	7423 6719	223	20	0	87	116	0	60	20	0	0	40	0
Q-76	257-114 R	8462 7120	5030 121	257	20	0	207	30	0	114	70	0	34	10	0
Q-77	470-198 R	6055 3774	5308 3477	470	110	0	144	166	50	198	20	0	0	128	50
Q-78	441-114 R	9244 5916	7266 28		441	50	0	179	212	0	114	20	0	54	30	10
Q-79	458-500 B	5169 4924	8391 8644	458	50	0	198	210	0	500	30	0	258	212	0
Q-80	536-746 B	8509 7182	8221 7953	536	110	0	154	262	10	746	120	0	334	292	0
Q-81	451-585 B	6996 8379	365 2753	451	80	0	273	98	0	585	80	0	327	178	0
