Q-1		467-339 R	5069 8129	4082 8390	467	50	0	235	182	0	339	50	0	149	80	60
Q-2		289-449 B	5017 8405	3085 7244	289	70	0	179	30	10	449	50	0	127	172	100
Q-3		298-304 B	6955 154	4554 4017	298	80	0	48	90	80	304	20	0	224	60	0
Q-4		186-508 B	7350 40		8498 8227	186	20	0	86	80	0	508	70	0	118	90	230
Q-5		639-727 B	519 7117	5414 6022	639	140	0	257	212	30	727	110	0	335	282	0
Q-6		629-181 R	4174 3540	310 8521	629	80	0	277	242	30	181	20	0	111	30	20
Q-7		567-208 R	9372 5319	6081 8645	567	20	0	261	226	60	208	30	0	32	146	0
Q-8		329-438 B	6037 5272	7176 6700	329	20	0	27	282	0	438	110	0	124	204	0
Q-9		448-385 R	5602 3415	7487 4347	448	20	0	186	192	50	385	20	0	121	184	60
Q-10	473-469 R	8227 6022	5069 7244	473	80	0	151	232	10	469	110	0	183	176	0
Q-11	362-91 R	4082 40		4554 310	362	20	0	204	138	0	91	20	0	51	20	0
Q-12	396-352 R	3085 4017	6081 8129	396	80	0	114	192	10	352	20	0	120	212	0
Q-13	470-347 R	4174 8405	5272 8390	470	50	0	218	202	0	347	20	0	61	206	60
Q-14	266-381 B	154 6037	5414 7117	266	20	0	0	226	20	381	20	0	207	154	0
Q-15	421-606 B	9372 8498	519 3415	421	80	0	103	238	0	606	50	0	324	232	0
Q-16	523-247 R	8645 7350	6700 5602	523	50	0	267	206	0	247	50	0	27	70	100
Q-17	559-459 R	8521 7176	6955 4347	559	80	0	211	218	50	459	20	0	225	164	50
Q-18	477-256 R	5319 5017	3540 7487	477	50	0	177	220	30	256	20	0	136	90	10
Q-19	454-318 R	6081 4174	6037 8227	454	80	0	192	182	0	318	50	0	88	130	50
Q-20	40-215 B	310 7244	8129 5272	40	20	0	0	10	10	215	20	0	11	184	0
Q-21	520-531 B	5602 9372	7117 4082	520	110	0	178	232	0	531	80	0	219	232	0
Q-22	546-484 R	8405 4347	8498 8645	546	110	0	234	192	10	484	120	0	234	80	50
Q-23	521-129 R	8390 519	40 8521		521	50	0	195	206	70	129	20	0	27	82	0
Q-24	186-674 B	4554 6700	3085 5319	186	20	0	52	114	0	674	50	0	302	212	110
Q-25	471-615 B	6955 3415	6022 5017	471	20	0	269	182	0	615	70	0	273	262	10
Q-26	144-90 R	7176 154	7487 5069	144	0	0	18	126	0	90	50	0	0	30	10
Q-27	434-290 R	5414 4017	7350 3540	434	50	0	152	232	0	290	20	0	108	162	0
Q-28	163-556 B	6037 5602	519 40		163	20	0	93	40	10	556	50	0	234	272	0
Q-29	430-389 R	8227 3085	7117 8521	430	110	0	108	202	10	389	50	0	183	156	0
Q-30	467-316 R	5319 3415	8129 4174	467	50	0	277	130	10	316	80	0	48	178	10
Q-31	345-415 B	4554 6022	8645 8390	345	20	0	205	110	10	415	20	0	295	100	0
Q-32	92-180 B	4082 7487	6955 8405	92	50	0	12	30	0	180	20	0	0	60	100
Q-33	502-331 R	5017 5069	5414 5272	502	160	0	104	238	0	331	20	0	129	172	10
Q-34	102-397 B	310 7350	4347 7176	102	20	0	0	42	40	397	20	0	135	242	0
Q-35	512-492 R	6700 9372	4017 7244	512	110	0	168	214	20	492	170	0	100	222	0
Q-36	552-262 R	6081 8498	154 3540	552	50	0	332	100	70	262	40	0	112	10	100
Q-37	313-355 B	7487 8645	8129 40		313	50	0	163	90	10	355	30	0	53	222	50
Q-38	377-404 B	5414 6955	3415 3085	377	80	0	75	222	0	404	50	0	162	192	0
Q-39	479-172 R	8390 5319	310 6037	479	20	0	217	242	0	172	20	0	0	142	10
Q-40	311-238 R	9372 4347	8227 5272	311	20	0	69	222	0	238	50	0	22	96	70
Q-41	528-117 R	154 5602	8521 7244	528	20	0	306	202	0	117	20	0	27	50	20
Q-42	154-566 B	4554 7350	5069 519	154	20	0	64	20	50	566	110	0	276	170	10
Q-43	322-389 B	7176 7117	3540 8405	322	110	0	20	192	0	389	20	0	147	222	0
Q-44	440-438 R	4017 8498	4174 5017	440	70	0	88	232	50	438	160	0	72	196	10
Q-45	491-543 B	6700 6081	6022 4082	491	80	0	281	130	0	543	80	0	209	254	0
Q-46	377-251 R	8227 8129	5602 6955	377	20	0	105	192	60	251	20	0	45	176	10
Q-47	140-310 B	7244 7487	4554 5414	140	20	0	0	90	30	310	20	0	260	30	0
Q-48	374-566 B	8390 7176	154 3415	374	80	0	22	202	70	566	30	0	304	182	50
Q-49	338-262 R	4017 8521	8405 6037	338	80	0	62	196	0	262	20	0	182	40	20
Q-50	549-376 R	7117 8498	6700 5319	549	110	0	137	272	30	376	20	0	228	108	20
Q-51	495-272 R	4347 40		6081 5017	495	50	0	247	198	0	272	20	0	0	182	70
Q-52	434-383 R	7350 6022	4174 9372	434	80	0	234	120	0	383	20	0	207	156	0
Q-53	479-577 B	3540 5272	4082 519	479	30	0	201	168	80	577	50	0	265	242	20
Q-54	355-377 B	5069 8645	3085 310	355	50	0	159	146	0	377	20	0	141	146	70
Q-55	493-577 B	8227 154	5319 8405	493	50	0	323	120	0	577	20	0	275	262	20
Q-56	260-303 B	8390 7487	7117 4017	260	50	0	60	150	0	303	50	0	123	30	100
Q-57	414-475 B	8129 4554	7176 4174	414	20	0	162	232	0	475	50	0	243	182	0
Q-58	283-130 R	3415 7244	7350 6081	283	50	0	63	120	50	130	50	0	0	80	0
Q-59	631-375 R	3540 6022	6037 4347	631	80	0	339	202	10	375	80	0	123	162	10
Q-60	385-479 B	5272 3085	8498 5602	385	50	0	265	70	0	479	50	0	137	242	50
Q-61	567-286 R	5069 40		6955 9372	567	110	0	247	210	0	286	20	0	30	226	10
Q-62	311-492 B	4082 5414	8645 8521	311	20	0	45	186	60	492	140	0	150	202	0
Q-63	581-100 R	519 310		5017 6700	581	80	0	279	222	0	100	20	0	0	30	50
Q-64	482-640 B	4347 7117	4174 7244	482	20	0	180	232	50	640	110	0	258	262	10
Q-65	400-458 B	8405 6081	4554 5602	400	50	0	150	10	190	458	50	0	222	186	0
Q-66	310-350 B	6955 8129	8498 6037	310	50	0	60	200	0	350	50	0	100	190	10
Q-67	232-661 B	5319 5272	6022 40		232	20	0	162	50	0	661	50	0	339	242	30
Q-68	403-90 R	519 8645	7176 4017	403	80	0	243	30	50	90	20	0	60	10	0
Q-69	476-466 R	4082 5017	7350 154	476	50	0	164	262	0	466	20	0	204	242	0
Q-70	152-149 R	5414 7487	310 8227	152	50	0	12	40	50	149	0	0	59	90	0
Q-71	314-336 B	8390 3540	9372 3085	314	100	0	154	60	0	336	70	0	114	152	0
Q-72	422-407 R	5069 8521	3415 6700	422	80	0	180	152	10	407	110	0	87	150	60
Q-73	234-351 B	8405 8129	519 6022	234	20	0	124	90	0	351	50	0	149	132	20
Q-74	219-426 B	7244 4082	8498 7176	219	50	0	109	50	10	426	20	0	110	226	70
Q-75	50-563 B	7117 310	6955 6081	50	20	0	0	10	20	563	50	0	301	212	0
Q-76	344-400 B	5017 6037	4554 9372	344	50	0	12	282	0	400	110	0	48	232	10
Q-77	392-330 R	4017 5602	5069 5319	392	20	0	90	252	30	330	0	0	78	202	50
Q-78	490-561 B	4174 3085	40 154		490	160	0	132	188	10	561	20	0	319	222	0
Q-79	157-496 B	3415 8227	3540 8645	157	50	0	87	20	0	496	50	0	204	242	0
Q-80	397-509 B	4347 6700	8390 5414	397	110	0	105	182	0	509	110	0	173	166	60
Q-81	312-282 R	8521 7350	5272 7487	312	110	0	0	202	0	282	20	0	90	172	0
