Q-1		84-356 B	9112 9164	7591 4322	84	50	0	24	0	10	356	80	0	186	90	0
Q-2		486-369 R	5326 5026	6424 8640	486	50	0	270	166	0	369	50	0	239	50	30
Q-3		153-111 R	6935 724	5223 6382	153	50	0	83	10	10	111	0	0	51	60	0
Q-4		401-405 B	8496 4790	3526 6978	401	140	0	39	222	0	405	80	0	83	242	0
Q-5		403-631 B	6932 4954	3480 8471	403	20	0	207	166	10	631	110	0	279	212	30
Q-6		482-308 R	8476 7364	5961 6565	482	20	0	308	154	0	308	20	0	168	110	10
Q-7		266-579 B	5206 8778	7013 6930	266	50	0	196	20	0	579	70	0	267	242	0
Q-8		264-416 B	7104 7333	5157 2844	264	40	0	54	170	0	416	80	0	144	192	0
Q-9		500-140 R	5895 2856	8466 4625	500	110	0	296	84	10	140	50	0	30	50	10
Q-10	312-581 B	4790 9164	5026 724	312	50	0	122	140	0	581	130	0	189	232	30
Q-11	356-384 B	8496 7364	6382 8640	356	50	0	150	146	10	384	140	0	144	100	0
Q-12	306-378 B	7591 4954	6930 6424	306	90	0	114	92	10	378	20	0	144	154	60
Q-13	157-342 B	5157 8476	4322 5206	157	20	0	127	0	10	342	40	0	132	170	0
Q-14	214-127 R	8778 6565	5895 7104	214	40	0	154	20	0	127	20	0	27	60	20
Q-15	248-164 R	6932 6978	7333 2856	248	80	0	68	90	10	164	50	0	44	70	0
Q-16	172-222 B	8466 5961	6935 4625	172	50	0	112	10	0	222	20	0	132	70	0
Q-17	50-305 B	5326 9112	8471 5223	50	20	0	0	20	10	305	20	0	255	30	0
Q-18	468-471 B	3526 7013	2844 3480	468	50	0	236	182	0	471	50	0	179	242	0
Q-19	120-555 B	5157 7104	6424 8496	120	40	0	20	40	20	555	50	0	319	186	0
Q-20	363-426 B	8640 6930	2856 6932	363	20	0	171	172	0	426	70	0	114	212	30
Q-21	252-159 R	6978 9164	8466 7364	252	100	0	92	50	10	159	80	0	21	48	10
Q-22	156-376 B	8476 6382	8471 4625	156	20	0	18	118	0	376	50	0	274	52	0
Q-23	304-632 B	5895 9112	7013 5026	304	20	0	108	166	10	632	110	0	300	212	10
Q-24	447-463 B	4790 8778	6935 2844	447	20	0	223	144	60	463	50	0	201	212	0
Q-25	168-262 B	4322 5326	3526 5961	168	40	0	0	128	0	262	70	0	72	20	100
Q-26	194-793 B	4954 5206	724 6565	194	20	0	114	60	0	793	140	0	371	282	0
Q-27	435-522 B	7591 7333	3480 5223	435	60	0	165	200	10	522	70	0	200	242	10
Q-28	331-191 R	8640 5895	9164 8476	331	20	0	87	174	50	191	20	0	151	20	0
Q-29	194-425 B	8471 7013	6935 8496	194	70	0	24	90	10	425	20	0	183	192	30
Q-30	388-502 B	5961 2844	6424 6978	388	110	0	134	144	0	502	140	0	272	90	0
Q-31	222-470 B	4625 6930	4790 5326	222	20	0	0	192	10	470	20	0	204	226	20
Q-32	282-214 R	4322 3480	5223 8778	282	80	0	0	202	0	214	20	0	32	162	0
Q-33	603-318 R	724 6932	9112 7104	603	90	0	261	252	0	318	20	0	228	70	0
Q-34	280-492 B	7591 5206	3526 6382	280	50	0	168	62	0	492	100	0	228	104	60
Q-35	128-154 B	5157 2856	4954 7364	128	20	0	20	88	0	154	20	0	32	92	10
Q-36	410-184 R	5026 7333	6565 8466	410	40	0	240	130	0	184	20	0	124	40	0
Q-37	336-148 R	3480 6935	6930 5895	336	20	0	168	98	50	148	20	0	108	20	0
Q-38	570-172 R	5223 9164	8496 6932	570	110	0	218	242	0	172	0	0	48	124	0
Q-39	383-647 B	8640 5961	724 8778	383	110	0	51	222	0	647	80	0	315	232	20
Q-40	480-450 R	2856 8471	5206 4790	480	50	0	192	178	60	450	70	0	270	110	0
Q-41	114-477 B	8466 6424	8476 9112	114	50	0	14	40	10	477	80	0	257	140	0
Q-42	142-331 B	3526 4625	7333 6565	142	20	0	0	102	20	331	50	0	65	216	0
Q-43	229-329 B	4322 7364	7591 7104	229	20	0	119	70	20	329	20	0	243	66	0
Q-44	633-230 R	2844 6382	4954 5026	633	170	0	251	202	10	230	70	0	80	70	10
Q-45	677-238 R	7013 6978	5326 5157	677	170	0	325	182	0	238	80	0	0	158	0
Q-46	330-520 B	6424 3480	8640 4790	330	80	0	190	60	0	520	80	0	260	180	0
Q-47	210-253 B	9112 7333	8496 5961	210	80	0	0	130	0	253	50	0	83	70	50
Q-48	509-457 R	7104 6565	5223 2856	509	140	0	279	90	0	457	50	0	171	186	50
Q-49	481-445 R	2844 8471	5895 7591	481	50	0	239	192	0	445	60	0	243	132	10
Q-50	365-214 R	4954 6382	4322 6978	365	80	0	147	128	10	214	70	0	22	92	30
Q-51	464-369 R	6935 5026	8476 5326	464	60	0	72	262	70	369	20	0	87	262	0
Q-52	395-401 B	3526 7364	8778 6932	395	70	0	93	212	20	401	20	0	189	192	0
Q-53	491-563 B	6930 5157	8466 724	491	160	0	183	88	60	563	110	0	251	202	0
Q-54	706-403 R	7013 5206	4625 9164	706	140	0	314	252	0	403	70	0	199	124	10
Q-55	265-249 R	6382 5961	3480 2856	265	80	0	105	80	0	249	20	0	87	142	0
Q-56	626-515 R	8476 5223	4954 4790	626	50	0	334	242	0	515	110	0	193	202	10
Q-57	326-298 R	6424 4322	5895 6932	326	50	0	136	130	10	298	40	0	168	90	0
Q-58	519-402 R	7591 5026	6978 8778	519	170	0	125	194	30	402	80	0	90	182	50
Q-59	289-250 R	6935 9112	3526 5157	289	50	0	125	114	0	250	70	0	60	120	0
Q-60	159-437 B	6930 6565	2844 9164	159	50	0	69	30	10	437	50	0	201	176	10
Q-61	366-337 R	8496 8466	5326 5206	366	110	0	54	202	0	337	80	0	197	50	10
Q-62	716-465 R	7333 724	7013 7364	716	110	0	344	252	10	465	50	0	203	162	50
Q-63	384-267 R	8640 4625	8471 7104	384	50	0	234	100	0	267	20	0	147	90	10
Q-64	395-502 B	5961 3480	5026 5157	395	80	0	33	222	60	502	110	0	174	218	0
Q-65	126-228 B	5895 6382	9112 4790	126	0	0	36	80	10	228	20	0	108	100	0
Q-66	380-373 R	5326 6932	6565 2844	380	20	0	198	162	0	373	20	0	87	256	10
Q-67	318-488 B	8496 2856	8476 8778	318	80	0	158	70	10	488	80	0	278	70	60
Q-68	446-627 B	7591 6978	724 4625	446	110	0	84	252	0	627	50	0	301	216	60
Q-69	253-242 R	7104 3526	9164 4954	253	70	0	93	80	10	242	20	0	132	80	10
Q-70	522-200 R	8471 6930	7333 4322	522	50	0	210	212	50	200	0	0	80	100	20
Q-71	191-413 B	6424 5206	6935 7364	191	50	0	121	20	0	413	80	0	135	168	30
Q-72	412-349 R	8466 5223	7013 8640	412	20	0	180	212	0	349	70	0	73	186	20
Q-73	489-40 R	2844 4625	8496 9112	489	110	0	197	182	0	40	20	0	0	10	10
Q-74	664-415 R	3526 724	2856 8476	664	100	0	320	184	60	415	50	0	275	70	20
Q-75	394-346 R	5326 5895	4954 7333	394	20	0	132	212	30	346	50	0	14	262	20
Q-76	452-374 R	3480 6978	7104 5206	452	110	0	140	182	20	374	50	0	180	144	0
Q-77	430-483 B	4790 6932	5961 7591	430	80	0	268	72	10	483	80	0	199	184	20
Q-78	379-433 B	6935 6565	8640 4322	379	130	0	125	124	0	433	70	0	263	80	20
Q-79	597-441 R	8466 7013	6382 6424	597	90	0	249	238	20	441	140	0	201	100	0
Q-80	675-227 R	5223 5026	7364 6930	675	80	0	323	262	10	227	130	0	97	0	0
Q-81	279-489 B	8778 5157	8471 9164	279	20	0	69	180	10	489	50	0	217	212	10
