Q-1		172-642 B	7483 542	6002 5215	172	50	0	22	100	0	642	100	0	326	206	10
Q-2		264-108 R	3595 7057	8441 8660	264	50	0	104	80	30	108	20	0	48	40	0
Q-3		242-524 B	8605 3825	8045 4512	242	80	0	72	90	0	524	110	0	132	182	100
Q-4		80-416 B	7391 4604	5894 6148	80	20	0	0	40	20	416	80	0	166	160	10
Q-5		152-225 B	6559 5953	6312 5151	152	70	0	22	10	50	225	50	0	135	30	10
Q-6		337-164 R	3805 6137	25 8716	337	100	0	147	70	20	164	20	0	114	30	0
Q-7		88-393 B	4238 7832	201 5939	88	20	0	48	20	0	393	70	0	243	30	50
Q-8		617-386 R	7347 4855	7187 4133	617	110	0	215	242	50	386	130	0	68	138	50
Q-9		90-200 B	5880 3633	7198 6929	90	0	0	0	40	50	200	20	0	30	150	0
Q-10	444-424 R	8605 8660	7483 6148	444	80	0	162	202	0	424	40	0	12	262	110
Q-11	120-461 B	4512 5953	8716 8441	120	50	0	40	30	0	461	80	0	191	90	100
Q-12	426-503 B	5151 3595	6002 25	426	110	0	154	162	0	503	70	0	275	118	40
Q-13	202-465 B	4604 5215	201 4855	202	20	0	72	60	50	465	80	0	247	138	0
Q-14	227-493 B	542 6137	7391 5939	227	20	0	147	60	0	493	160	0	81	242	10
Q-15	332-188 R	7347 5894	7198 4238	332	20	0	176	136	0	188	70	0	48	50	20
Q-16	90-343 B	7832 8045	6312 3633	90	50	0	0	0	40	343	50	0	153	140	0
Q-17	184-308 B	4133 6559	5880 3805	184	50	0	74	60	0	308	110	0	50	148	0
Q-18	563-608 B	7057 3825	6929 7187	563	40	0	271	242	10	608	110	0	106	232	160
Q-19	170-90 R	8441 5215	8716 7391	170	20	0	90	60	0	90	20	0	0	20	50
Q-20	176-476 B	8660 7198	6137 4604	176	20	0	0	156	0	476	140	0	84	242	10
Q-21	525-232 R	6148 542	5151 7347	525	80	0	213	232	0	232	80	0	102	0	50
Q-22	310-497 B	5894 5939	6559 8605	310	80	0	114	116	0	497	20	0	225	242	10
Q-23	386-698 B	4512 3805	3633 4855	386	110	0	76	190	10	698	80	0	246	262	110
Q-24	620-372 R	6312 25		7483 6929	620	80	0	224	206	110	372	20	0	158	194	0
Q-25	320-174 R	7187 5880	4238 3595	320	90	0	46	184	0	174	40	0	104	20	10
Q-26	365-695 B	7057 201	8045 6002	365	20	0	165	100	80	695	130	0	349	206	10
Q-27	350-412 B	4133 5953	3825 7832	350	50	0	174	116	10	412	30	0	90	262	30
Q-28	408-72 R	4855 8605	5151 8441	408	140	0	74	194	0	72	50	0	12	0	10
Q-29	291-60 R	7347 5939	25 4604		291	110	0	65	116	0	60	20	0	0	40	0
Q-30	274-430 B	3595 6559	5215 6137	274	110	0	96	68	0	430	140	0	78	212	0
Q-31	533-450 R	7187 8716	5894 8045	533	110	0	225	168	30	450	110	0	168	172	0
Q-32	339-164 R	6148 7832	7057 5880	339	80	0	87	172	0	164	50	0	44	70	0
Q-33	566-90 R	6002 6929	3805 5953	566	70	0	312	184	0	90	20	0	0	30	40
Q-34	293-492 B	8660 4238	4512 4133	293	20	0	123	110	40	492	80	0	140	262	10
Q-35	505-391 R	7483 3825	7198 7391	505	80	0	183	232	10	391	110	0	111	150	20
Q-36	631-356 R	6312 542	201 3633	631	100	0	337	134	60	356	100	0	186	70	0
Q-37	203-413 B	7832 7347	3595 8716	203	20	0	63	10	110	413	140	0	151	112	10
Q-38	399-583 B	5880 6002	5939 4855	399	100	0	249	50	0	583	110	0	269	204	0
Q-39	397-329 R	4512 5151	6137 7057	397	50	0	165	182	0	329	20	0	123	186	0
Q-40	358-507 B	3825 8660	5894 3805	358	50	0	126	182	0	507	80	0	105	262	60
Q-41	80-150 B	4604 7483	5953 3633	80	20	0	0	60	0	150	50	0	0	20	80
Q-42	572-433 R	6148 5215	6312 4238	572	110	0	200	262	0	433	150	0	111	172	0
Q-43	184-97 R	7187 25		542 8605	184	50	0	26	108	0	97	20	0	27	50	0
Q-44	240-242 B	6929 8045	7391 4133	240	80	0	120	10	30	242	100	0	18	74	50
Q-45	308-215 R	201 8441	6559 7198	308	20	0	132	156	0	215	50	0	105	60	0
Q-46	467-212 R	4855 7483	6137 7832	467	80	0	105	232	50	212	0	0	84	68	60
Q-47	314-191 R	6312 5880	7347 8660	314	20	0	204	80	10	191	20	0	81	80	10
Q-48	596-248 R	4238 8716	7057 8605	596	50	0	294	192	60	248	40	0	84	114	10
Q-49	560-126 R	4604 3805	542 8045	560	130	0	78	242	110	126	20	0	46	60	0
Q-50	364-540 B	6559 3633	3825 25		364	100	0	42	182	40	540	50	0	244	236	10
Q-51	467-372 R	4133 5151	7198 5939	467	50	0	211	206	0	372	50	0	156	146	20
Q-52	401-158 R	201 3595	7391 5953	401	110	0	163	128	0	158	70	0	18	20	50
Q-53	574-487 R	8441 6002	6148 7187	574	80	0	272	212	10	487	140	0	115	232	0
Q-54	242-262 B	5894 5215	4512 6929	242	20	0	0	202	20	262	20	0	32	210	0
Q-55	613-655 B	3825 4855	4238 542	613	110	0	261	232	10	655	80	0	333	222	20
Q-56	557-262 R	4133 8716	4604 6312	557	140	0	105	262	50	262	20	0	162	50	30
Q-57	239-288 B	7391 25		8660 7832	239	80	0	69	90	0	288	20	0	144	94	30
Q-58	394-392 R	6137 8441	5880 8045	394	20	0	230	84	60	392	50	0	106	236	0
Q-59	556-384 R	8605 7198	5215 5953	556	140	0	174	242	0	384	80	0	108	156	40
Q-60	599-350 R	6929 5939	6148 3595	599	160	0	167	262	10	350	140	0	138	72	0
Q-61	581-185 R	5151 201	3805 7187	581	20	0	359	202	0	185	20	0	27	118	20
Q-62	222-177 R	7347 4512	6559 7483	222	80	0	42	90	10	177	20	0	27	120	10
Q-63	60-302 B	3633 5894	6002 7057	60	20	0	0	40	0	302	50	0	150	92	10
Q-64	374-344 R	4238 8045	5953 25	374	70	0	82	222	0	344	110	0	86	148	0
Q-65	78-353 B	6929 8441	542 7832	78	50	0	18	10	0	353	70	0	87	196	0
Q-66	292-278 R	5880 5151	4604 3825	292	50	0	98	114	30	278	20	0	86	172	0
Q-67	554-190 R	4855 8716	8660 6559	554	80	0	302	172	0	190	70	0	50	60	10
Q-68	412-232 R	4133 5894	7483 201	412	110	0	0	282	20	232	50	0	92	40	50
Q-69	510-573 B	6002 6137	6312 8605	510	130	0	244	136	0	573	50	0	261	262	0
Q-70	295-302 B	5939 7187	5215 3633	295	80	0	69	146	0	302	20	0	32	120	130
Q-71	371-379 B	6148 4512	7198 3595	371	20	0	69	232	50	379	80	0	27	272	0
Q-72	100-341 B	7391 7057	3805 7347	100	20	0	20	60	0	341	80	0	163	98	0
Q-73	130-605 B	5880 5953	5894 542	130	20	0	0	60	50	605	20	0	323	262	0
Q-74	140-635 B	4604 6559	6002 7832	140	20	0	0	70	50	635	100	0	333	202	0
Q-75	607-92 R	5215 8045	8660 5151	607	140	0	211	256	0	92	20	0	32	40	0
Q-76	318-427 B	6148 5939	8716 3825	318	80	0	188	40	10	427	50	0	227	100	50
Q-77	366-426 B	6137 6929	201 7347	366	60	0	68	188	50	426	20	0	246	100	60
Q-78	505-210 R	25 7198		4855 7057	505	80	0	153	272	0	210	20	0	110	40	40
Q-79	498-216 R	4238 3805	8441 7483	498	20	0	258	100	120	216	50	0	66	90	10
Q-80	666-605 R	7391 6312	7187 4512	666	110	0	184	242	130	605	170	0	197	208	30
Q-81	332-324 R	3595 3633	4133 8605	332	80	0	60	192	0	324	70	0	90	164	0
